4294967279,351
4294967279,350
50,5
50,4
50,3
50,2
50,1
50,0
4294967279,349
4294967294,183
4294967294,81
49,4
49,3
49,2
49,1
49,0
48,6
48,5
48,4
48,3
48,2
48,1
48,0
4294967279,348
47,5
47,4
47,3
47,2
47,1
47,0
46,5
46,4
46,3
46,2
46,1
46,0
4294967278,543
4294967279,347
4294967279,346
45,5
45,4
45,3
45,2
45,1
45,0
44,4
44,3
44,2
44,1
44,0
43,6
43,5
43,4
43,3
43,2
43,1
43,0
4294967279,345
42,5
42,4
42,3
42,2
42,1
42,0
4294967279,344
41,5
41,4
41,3
41,2
41,1
41,0
4294967279,343
4294967278,542
4294967279,342
4294967278,541
4294967278,540
4294967278,539
4294967279,341
4294967279,340
4294967278,538
4294967278,537
4294967279,339
4294967279,338
4294967279,337
40,5
40,4
40,3
40,2
40,1
40,0
4294967279,336
39,4
39,3
39,2
39,1
39,0
4294967278,536
4294967279,335
4294967278,535
38,6
38,5
38,4
38,3
38,2
38,1
38,0
37,5
37,4
37,3
37,2
37,1
37,0
36,5
36,4
36,3
36,2
36,1
36,0
4294967279,334
4294967279,333
4294967279,332
4294967278,534
4294967279,331
35,5
35,4
35,3
35,2
35,1
35,0
4294967278,533
4294967279,330
4294967278,532
4294967279,329
4294967278,531
4294967279,328
34,4
4294967278,530
34,3
34,2
34,1
34,0
4294967279,327
4294967278,529
33,6
33,5
33,4
33,3
33,2
33,1
33,0
32,5
32,4
32,3
32,2
32,1
32,0
4294967279,326
31,5
31,4
31,3
31,2
31,1
31,0
4294967278,528
4294967278,527
4294967279,325
30,5
30,4
30,3
30,2
30,1
30,0
4294967278,526
29,4
29,3
29,2
29,1
29,0
4294967279,324
4294967278,525
4294967279,323
28,6
28,5
28,4
28,3
28,2
28,1
28,0
4294967278,524
27,5
27,4
27,3
27,2
27,1
27,0
4294967279,322
26,5
26,4
26,3
26,2
26,1
26,0
4294967279,321
4294967279,320
4294967278,523
4294967279,319
4294967278,522
4294967278,521
4294967279,318
25,5
25,4
25,3
25,2
25,1
25,0
24,5
24,4
24,3
24,2
24,1
24,0
4294967279,317
4294967279,316
4294967278,520
4294967279,315
4294967278,519
4294967278,518
23,5
23,4
23,3
23,2
23,1
23,0
4294967278,517
22,5
22,4
22,3
22,2
22,1
22,0
4294967278,516
4294967278,515
4294967279,314
4294967278,514
4294967279,313
4294967278,513
4294967279,312
4294967279,311
4294967279,310
4294967278,512
4294967278,319
21,5
21,4
21,3
21,2
21,1
21,0
4294967279,309
4294967279,308
20,4
20,3
20,2
20,1
20,0
4294967278,318
19,6
19,5
19,4
19,3
19,2
19,1
19,0
4294967279,307
4294967278,317
18,5
18,4
4294967279,306
18,3
18,2
18,1
18,0
4294967278,316
4294967278,315
17,5
4294967279,305
17,4
4294967278,314
17,3
17,2
17,1
17,0
4294967278,313
4294967279,304
4294967278,312
4294967279,303
4294967279,302
4294967278,311
4294967278,310
4294967279,301
4294967279,300
4294967278,309
4294967279,299
4294967279,298
4294967279,297
16,5
16,4
16,3
16,2
16,1
16,0
15,4
15,3
15,2
15,1
15,0
14,6
14,5
14,4
14,3
14,2
14,1
14,0
13,5
13,4
13,3
13,2
13,1
13,0
4294967278,308
12,5
12,4
12,3
12,2
12,1
12,0
4294967278,307
4294967278,306
4294967279,296
4294967278,305
4294967279,295
4294967278,304
4294967279,294
4294967278,303
4294967279,293
4294967278,302
4294967279,292
4294967278,301
4294967278,300
4294967279,291
11,5
11,4
11,3
11,2
11,1
11,0
4294967278,299
10,4
10,3
10,2
10,1
